version https://git-lfs.github.com/spec/v1
oid sha256:4c41ec9a98b27f6e872ac648aa0d559b7bdd11da60250c3c2f11ce59beb17b60
size 11338
